<TICKER>,<PER>,<DATE>,<TIME>,<OPEN>,<HIGH>,<LOW>,<CLOSE>,<VOL>,<OPENINT>
ABEQ.US,D,20200123,000000,24.849,24.949,24.809,24.924,39638,0
ABEQ.US,D,20200124,000000,24.869,24.869,24.74,24.793,27125,0
ABEQ.US,D,20200127,000000,24.55,24.58,24.528,24.528,24345,0
ABEQ.US,D,20200128,000000,24.63,24.73,24.58,24.63,55680,0
ABEQ.US,D,20200129,000000,24.66,24.68,24.605,24.605,19842,0
ABEQ.US,D,20200130,000000,24.5,24.671,24.5,24.671,2896,0
ABEQ.US,D,20200131,000000,24.525,24.525,24.415,24.443,15918,0
ABEQ.US,D,20200203,000000,24.556,24.58,24.51,24.523,24496,0
ABEQ.US,D,20200204,000000,24.715,24.715,24.661,24.661,177082,0
ABEQ.US,D,20200205,000000,24.919,24.945,24.909,24.923,9294,0
ABEQ.US,D,20200206,000000,25.049,25.067,24.999,24.999,5422,0
ABEQ.US,D,20200207,000000,24.932,24.962,24.849,24.896,176594,0
ABEQ.US,D,20200210,000000,25.138,25.138,24.992,24.992,2495,0
ABEQ.US,D,20200211,000000,25.089,25.106,25.078,25.093,4512,0
ABEQ.US,D,20200212,000000,25.082,25.082,25.076,25.076,2467,0
ABEQ.US,D,20200213,000000,25.029,25.059,25.019,25.019,5338,0
ABEQ.US,D,20200214,000000,24.868,24.891,24.868,24.891,405,0
ABEQ.US,D,20200218,000000,24.808,24.918,24.799,24.918,5568,0
ABEQ.US,D,20200219,000000,25.128,25.128,25.023,25.023,2607,0
ABEQ.US,D,20200220,000000,25.049,25.118,24.989,25.058,41386,0
ABEQ.US,D,20200221,000000,24.984,25.044,24.969,25.02,2909,0
ABEQ.US,D,20200224,000000,24.625,24.645,24.559,24.563,4447,0
ABEQ.US,D,20200225,000000,24.52,24.52,24.013,24.013,3742,0
ABEQ.US,D,20200226,000000,24.109,24.109,23.846,23.846,410,0
ABEQ.US,D,20200227,000000,23.484,23.613,23.161,23.161,6998,0
ABEQ.US,D,20200228,000000,22.416,22.747,22.416,22.747,3483,0
ABEQ.US,D,20200302,000000,23.074,23.372,23.049,23.372,1813,0
ABEQ.US,D,20200303,000000,23.493,23.493,23.129,23.176,3715,0
ABEQ.US,D,20200304,000000,23.338,23.675,23.338,23.675,14824,0
ABEQ.US,D,20200305,000000,23.393,23.433,23.134,23.236,111829,0
ABEQ.US,D,20200306,000000,22.955,23.139,22.758,23.046,115102,0
ABEQ.US,D,20200309,000000,23.044,23.044,21.619,21.619,2366,0
ABEQ.US,D,20200310,000000,22.187,22.187,21.489,21.744,21958,0
ABEQ.US,D,20200311,000000,21.509,21.768,21.369,21.768,23062,0
ABEQ.US,D,20200312,000000,21.768,21.768,19.943,20.096,8000,0
ABEQ.US,D,20200313,000000,19.943,20.801,19.735,20.801,197778,0
ABEQ.US,D,20200316,000000,19.903,20.701,19.261,19.268,14235,0
ABEQ.US,D,20200317,000000,19.425,20.342,19.086,20.022,6388,0
ABEQ.US,D,20200318,000000,19.158,19.265,18.685,18.998,12586,0
ABEQ.US,D,20200319,000000,19.245,19.417,19.006,19.417,2983,0
ABEQ.US,D,20200320,000000,19.385,19.604,18.607,18.607,11008,0
ABEQ.US,D,20200323,000000,18.587,18.587,17.957,18.111,4702,0
ABEQ.US,D,20200324,000000,19.903,19.903,19.008,19.505,11904,0
ABEQ.US,D,20200325,000000,19.504,20.362,19.48,19.825,10864,0
ABEQ.US,D,20200326,000000,20.227,20.537,20.227,20.492,7395,0
ABEQ.US,D,20200327,000000,19.785,20.201,19.785,19.94,5390,0
ABEQ.US,D,20200330,000000,20.192,20.551,20.098,20.421,60854,0
ABEQ.US,D,20200331,000000,20.342,20.412,20.145,20.156,118302,0
ABEQ.US,D,20200401,000000,19.584,19.684,19.584,19.649,872,0
ABEQ.US,D,20200402,000000,19.947,20.068,19.739,19.876,18274,0
ABEQ.US,D,20200403,000000,19.774,19.834,19.734,19.758,6396,0
ABEQ.US,D,20200406,000000,20.532,20.632,20.452,20.632,2774,0
ABEQ.US,D,20200407,000000,20.97,20.995,20.512,20.674,4685,0
ABEQ.US,D,20200408,000000,20.861,21.18,20.741,21.126,12711,0
ABEQ.US,D,20200409,000000,21.6,21.689,21.511,21.664,17321,0
ABEQ.US,D,20200413,000000,22.137,22.137,21.22,21.391,7887,0
ABEQ.US,D,20200414,000000,21.808,21.808,21.339,21.656,19226,0
ABEQ.US,D,20200415,000000,21.279,21.289,19.923,21.081,41362,0
ABEQ.US,D,20200416,000000,20.927,21.15,20.927,21.15,12875,0
ABEQ.US,D,20200417,000000,21.49,21.71,21.479,21.71,2601,0
ABEQ.US,D,20200420,000000,21.544,21.608,21.399,21.399,75252,0
ABEQ.US,D,20200421,000000,21.13,21.13,20.92,20.949,13215,0
ABEQ.US,D,20200422,000000,21.294,21.389,21.254,21.349,8739,0
ABEQ.US,D,20200423,000000,21.546,21.653,21.439,21.439,6122,0
ABEQ.US,D,20200424,000000,21.608,21.651,21.513,21.651,3788,0
ABEQ.US,D,20200427,000000,21.723,21.957,21.723,21.928,5243,0
ABEQ.US,D,20200428,000000,21.967,22.107,21.967,21.998,2361,0
ABEQ.US,D,20200429,000000,22.306,22.406,21.479,22.399,12575,0
ABEQ.US,D,20200430,000000,22.007,22.007,21.868,21.902,855,0
ABEQ.US,D,20200501,000000,21.529,21.529,21.359,21.401,1309,0
ABEQ.US,D,20200504,000000,21.416,21.537,21.369,21.537,1118,0
ABEQ.US,D,20200505,000000,21.851,21.883,21.731,21.731,7497,0
ABEQ.US,D,20200506,000000,21.539,21.618,21.459,21.459,4883,0
ABEQ.US,D,20200507,000000,21.758,21.808,21.686,21.686,777,0
ABEQ.US,D,20200508,000000,21.923,21.972,21.923,21.972,259,0
ABEQ.US,D,20200511,000000,21.688,21.812,21.688,21.812,353,0
ABEQ.US,D,20200512,000000,21.733,21.733,21.482,21.482,6583,0
ABEQ.US,D,20200513,000000,21.439,21.439,21.1,21.155,2368,0
ABEQ.US,D,20200514,000000,20.95,21.359,20.9,21.352,32473,0
ABEQ.US,D,20200515,000000,21.334,21.439,21.319,21.439,13717,0
ABEQ.US,D,20200518,000000,21.967,22.032,21.862,22.032,11035,0
ABEQ.US,D,20200519,000000,21.848,21.878,21.838,21.87,18531,0
ABEQ.US,D,20200520,000000,22.062,22.227,21.987,22.017,26949,0
ABEQ.US,D,20200521,000000,21.918,21.947,21.836,21.878,67876,0
ABEQ.US,D,20200522,000000,21.727,21.868,21.727,21.859,14324,0
ABEQ.US,D,20200526,000000,22.147,22.257,22.137,22.242,18158,0
ABEQ.US,D,20200527,000000,22.326,22.326,22.122,22.326,16242,0
ABEQ.US,D,20200528,000000,22.456,22.516,22.386,22.406,2551,0
ABEQ.US,D,20200529,000000,22.287,22.376,22.203,22.376,5845,0
ABEQ.US,D,20200601,000000,22.376,22.394,22.376,22.394,702,0
ABEQ.US,D,20200602,000000,22.484,22.586,22.446,22.552,21161,0
ABEQ.US,D,20200603,000000,22.715,22.755,22.656,22.714,3046,0
ABEQ.US,D,20200604,000000,22.769,22.769,22.769,22.769,1516,0
ABEQ.US,D,20200605,000000,23.104,23.224,23.104,23.166,594,0
ABEQ.US,D,20200608,000000,23.373,23.373,21.04,23.293,1539,0
ABEQ.US,D,20200609,000000,23.094,23.134,23.094,23.1,1198,0
ABEQ.US,D,20200610,000000,22.935,22.956,22.922,22.922,764,0
ABEQ.US,D,20200611,000000,22.077,22.077,21.828,21.938,3014,0
ABEQ.US,D,20200612,000000,22.012,22.141,22.012,22.141,312,0
ABEQ.US,D,20200615,000000,21.935,22.22,21.935,22.22,2257,0
ABEQ.US,D,20200616,000000,22.396,22.486,22.346,22.357,15232,0
ABEQ.US,D,20200617,000000,22.421,22.435,22.316,22.339,1591,0
ABEQ.US,D,20200618,000000,22.269,22.356,22.269,22.315,6981,0
ABEQ.US,D,20200619,000000,22.425,22.425,22.295,22.295,13543,0
ABEQ.US,D,20200622,000000,22.336,22.366,22.305,22.305,4157,0
ABEQ.US,D,20200623,000000,22.406,22.436,22.356,22.377,2436,0
ABEQ.US,D,20200624,000000,22.127,22.127,21.947,22.025,2146,0
ABEQ.US,D,20200625,000000,21.949,22.125,21.907,22.124,5528,0
ABEQ.US,D,20200626,000000,21.907,21.907,21.907,21.907,84,0
ABEQ.US,D,20200629,000000,24.08,24.08,22.0101,22.07,5131,0
ABEQ.US,D,20200630,000000,22.299,22.299,22.299,22.299,600,0
ABEQ.US,D,20200701,000000,22.33,22.3436,22.26,22.2881,3144,0
ABEQ.US,D,20200702,000000,22.45,22.52,22.3,22.3222,6837,0
ABEQ.US,D,20200706,000000,22.56,22.56,22.4462,22.4462,350,0
ABEQ.US,D,20200707,000000,22.298,22.33,22.263,22.263,1031,0
ABEQ.US,D,20200708,000000,22.38,22.38,22.2765,22.3236,1101,0
ABEQ.US,D,20200709,000000,22.0861,22.0861,22.0861,22.0861,157,0
ABEQ.US,D,20200710,000000,22.0999,22.167,22.065,22.167,5474,0
ABEQ.US,D,20200713,000000,22.2,22.402,22.2,22.2066,6208,0
ABEQ.US,D,20200714,000000,22.3,22.4898,22.2501,22.4898,3454,0
ABEQ.US,D,20200715,000000,22.77,22.77,22.71,22.7696,4216,0
ABEQ.US,D,20200716,000000,22.69,22.7132,22.69,22.7132,805,0
ABEQ.US,D,20200717,000000,22.8708,22.8708,22.8,22.8506,3097,0
ABEQ.US,D,20200720,000000,22.76,22.7998,22.6,22.69,12028,0
ABEQ.US,D,20200721,000000,23.05,23.1,22.88,22.9373,15627,0
ABEQ.US,D,20200722,000000,23.0745,23.13,23.05,23.125,4968,0
ABEQ.US,D,20200723,000000,23.23,23.23,23.11,23.1111,1350,0
ABEQ.US,D,20200724,000000,23.1,23.1319,23.03,23.1319,5191,0
ABEQ.US,D,20200727,000000,23.18,23.2352,23.18,23.2352,2907,0
ABEQ.US,D,20200728,000000,23.3,23.31,23.2268,23.2268,6776,0
ABEQ.US,D,20200729,000000,23.2999,23.47,23.2999,23.3967,26664,0
ABEQ.US,D,20200730,000000,23.0976,23.24,23.0976,23.22,6181,0
ABEQ.US,D,20200731,000000,23.15,23.1763,23.12,23.1763,995,0
ABEQ.US,D,20200803,000000,23.19,23.2201,23.19,23.2201,120,0
ABEQ.US,D,20200804,000000,23.19,23.2227,23.19,23.2213,4289,0
ABEQ.US,D,20200805,000000,23.4,23.4397,23.39,23.4397,8461,0
ABEQ.US,D,20200806,000000,23.365,23.365,23.3056,23.3056,428,0
ABEQ.US,D,20200807,000000,21.23,23.2998,21.23,23.2595,2745,0
ABEQ.US,D,20200810,000000,23.54,23.66,23.5,23.5905,52758,0
